referrer,views_total,views_unique
github.com,19,7
Google,19,6
